rectL:
[[ 9.99914541e-01 -1.06971215e-02  7.51549315e-03]
 [ 1.07013156e-02  9.99942605e-01 -5.18070344e-04]
 [-7.50951994e-03  5.98451735e-04  9.99971624e-01]]

rectR:
[[ 9.99929480e-01  2.19595171e-03  1.16710616e-02]
 [-2.20246712e-03  9.99997426e-01  5.45429792e-04]
 [-1.16698339e-02 -5.71096457e-04  9.99931742e-01]]

projMatrixL:
[[612.52727122   0.         799.55836578   0.        ]
 [  0.         612.52727122 604.13082592   0.        ]
 [  0.           0.           1.           0.        ]]

projMatrixR:
[[ 6.12527271e+02  0.00000000e+00  7.99558366e+02 -1.66242662e+03]
 [ 0.00000000e+00  6.12527271e+02  6.04130826e+02  0.00000000e+00]
 [ 0.00000000e+00  0.00000000e+00  1.00000000e+00  0.00000000e+00]]

Q:
[[ 1.00000000e+00  0.00000000e+00  0.00000000e+00 -7.99558366e+02]
 [ 0.00000000e+00  1.00000000e+00  0.00000000e+00 -6.04130826e+02]
 [ 0.00000000e+00  0.00000000e+00  0.00000000e+00  6.12527271e+02]
 [ 0.00000000e+00  0.00000000e+00  3.68453720e-01 -0.00000000e+00]]
